world: world
x: -1030.2667700292118
y: 154.0
z: 578.4579824646465
yaw: -90.0224
pitch: -2.6318476
name: Crates
