world: world
x: -1107.26260507344
y: 148.0
z: 564.3000000119209
yaw: -102.93823
pitch: -0.6875479
name: Marketplace
