world: world
x: -1034.4964025730485
y: 152.0
z: 488.5808974625479
yaw: -268.78662
pitch: 0.1457294
name: Spawn
