jails: 
  jail: 
    world: world
    x: -1079.2696924088061
    y: 195.0
    z: 559.9247545468581
    yaw: 268.55035
    pitch: 85.276436
