spawns: 
  default: 
    world: world
    x: -1034.4208658116104
    y: 152.0
    z: 488.6216805284089
    yaw: -269.09137
    pitch: -0.27090815
